evaluations raw_y
1 0.9405568096
2 1.4723203769
7 1.5006002401
9 1.6425755585
13 1.7934002869
41 2.0259319287
54 2.1367521368
85 2.4366471735
259 2.8868360277
407 3.1806615776
463 3.6231884058
602 3.7993920973
2260 4.3252595156
3112 4.5787545788
5000 1.1737089202
evaluations raw_y
1 0.8771929825
2 1.7531556802
33 2.3992322457
45 3.3156498674
759 3.3875338753
2456 3.4626038781
4446 3.7993920973
5000 1.4318442153
evaluations raw_y
1 0.9758001561
3 1.1825922422
5 1.3007284079
9 1.5299877601
12 1.6425755585
28 2.2281639929
44 3.5410764873
4023 3.8940809969
4572 4.2087542088
5000 3.5410764873
evaluations raw_y
1 0.9405568096
7 1.2899896801
21 1.8355359765
27 2.6881720430
91 3.5410764873
1734 3.7091988131
2236 3.7993920973
2468 4.3252595156
5000 1.8573551263
evaluations raw_y
1 0.8394895903
2 0.8626639061
5 1.0407993339
6 1.4060742407
9 1.6778523490
15 1.7934002869
44 2.2281639929
47 2.3629489603
115 2.3992322457
131 2.4366471735
182 2.4752475248
224 2.5562372188
374 3.0562347188
571 3.1172069825
713 3.3156498674
776 3.5410764873
945 3.7993920973
992 5.5555555556
5000 3.8940809969
evaluations raw_y
1 1.0841283608
3 1.2588116818
5 1.3340448239
9 1.9025875190
41 2.1079258010
45 2.1968365554
94 2.3277467412
264 2.4752475248
265 2.5562372188
301 2.6427061311
429 2.6881720430
541 2.7839643653
642 2.8344671202
937 2.9411764706
1073 3.0562347188
1560 3.1172069825
1625 3.2467532468
1636 3.3156498674
1888 3.4626038781
2090 3.6231884058
2159 3.7091988131
2330 3.7993920973
2974 4.3252595156
3053 5.0200803213
4251 5.1867219917
5000 2.2281639929
evaluations raw_y
1 1.0008006405
3 1.2588116818
8 1.5151515152
25 1.7146776406
43 1.8796992481
77 2.0000000000
124 2.0798668885
163 2.5987525988
211 3.1172069825
665 3.7091988131
1574 4.0983606557
2165 4.3252595156
2236 4.4483985765
5000 2.1079258010
evaluations raw_y
1 1.0917030568
3 1.3007284079
8 1.3340448239
9 1.7531556802
15 1.7730496454
46 1.9500780031
53 2.0525451560
56 2.1079258010
84 2.1367521368
109 2.1968365554
125 2.3277467412
136 2.4752475248
178 2.5150905433
188 2.6427061311
445 2.6881720430
610 2.8868360277
659 2.9411764706
796 3.1172069825
1389 3.3156498674
1439 3.3875338753
1495 3.4626038781
2521 3.6231884058
3148 3.7993920973
4564 3.8940809969
4709 4.3252595156
5000 2.1079258010
evaluations raw_y
1 1.1312217195
2 1.1649580615
4 1.4060742407
10 1.5605493134
21 1.8142235123
31 1.8796992481
33 2.0000000000
46 2.5150905433
103 3.3156498674
1503 3.7091988131
2189 3.7993920973
5000 3.5410764873
evaluations raw_y
1 1.3007284079
6 1.5923566879
8 1.7337031900
12 2.0798668885
38 2.2603978300
100 2.4366471735
233 2.4752475248
299 2.5562372188
303 2.5987525988
311 2.8344671202
345 2.8868360277
557 3.1806615776
572 3.2467532468
821 3.6231884058
904 3.7091988131
5000 3.3875338753
evaluations raw_y
1 1.5605493134
3 1.6425755585
13 1.6778523490
22 1.7730496454
33 2.4366471735
40 2.8344671202
148 3.0562347188
304 3.5410764873
552 3.7993920973
586 3.9936102236
1199 4.3252595156
1321 4.4483985765
1719 4.8638132296
5000 2.1968365554
evaluations raw_y
1 1.2195121951
3 1.5451174289
19 1.6425755585
25 1.8142235123
28 1.9260400616
56 1.9500780031
138 2.1079258010
169 2.4366471735
202 2.7352297593
228 2.8344671202
663 2.9976019185
741 3.3156498674
1022 3.3875338753
1100 3.6231884058
2111 3.7993920973
2135 3.8940809969
3143 3.9936102236
3158 4.0983606557
3165 4.4483985765
5000 4.4483985765
evaluations raw_y
1 0.7130633200
2 1.4585764294
7 1.4863258026
10 1.8573551263
24 1.9747235387
91 2.4366471735
133 2.7352297593
258 2.9411764706
335 3.1806615776
1145 3.7993920973
1629 4.2087542088
5000 1.3935340022
evaluations raw_y
1 1.6778523490
6 1.9747235387
28 2.3629489603
34 2.5562372188
257 2.6427061311
326 3.0562347188
1086 3.2467532468
1519 3.3156498674
1693 3.5410764873
1979 3.6231884058
5000 2.8868360277
evaluations raw_y
1 1.0137875101
2 1.0477787091
5 1.2899896801
10 1.6254876463
12 1.7146776406
13 1.7730496454
19 2.0798668885
43 2.1663778163
90 2.5150905433
117 2.5562372188
168 2.7352297593
201 3.2467532468
248 3.8940809969
5000 2.3277467412
evaluations raw_y
1 0.6819421713
3 1.2690355330
11 1.8573551263
19 1.8796992481
43 1.9260400616
66 2.0000000000
155 2.1663778163
157 2.1968365554
241 2.5150905433
363 2.5562372188
411 2.7352297593
441 2.7839643653
499 3.0562347188
733 3.1172069825
770 3.7993920973
1615 3.9936102236
2381 4.4483985765
2388 4.8638132296
3252 5.5555555556
5000 2.1079258010
evaluations raw_y
1 0.8305647841
2 0.9881422925
3 1.2487512488
4 1.2899896801
5 1.6425755585
14 1.6600265604
16 1.9747235387
22 2.0259319287
50 2.0525451560
116 2.0798668885
128 2.1968365554
153 2.5150905433
180 2.5562372188
196 2.6427061311
207 2.7839643653
334 2.9411764706
815 2.9976019185
910 3.1172069825
967 3.1806615776
1303 3.3156498674
1633 3.4626038781
1642 3.5410764873
2035 3.7091988131
4635 3.8940809969
5000 1.9260400616
evaluations raw_y
1 0.8871540099
3 1.2690355330
7 1.3691128149
12 1.4060742407
13 2.0525451560
26 2.1079258010
67 2.2281639929
123 2.2935779817
195 2.4366471735
198 2.4752475248
516 2.5562372188
543 2.8344671202
867 3.0562347188
1030 3.3875338753
1121 3.7993920973
1555 3.9936102236
5000 3.3156498674
evaluations raw_y
1 1.1071744907
2 1.5605493134
9 1.7146776406
13 1.7531556802
15 1.9260400616
36 2.3629489603
91 2.5987525988
305 2.9411764706
793 2.9976019185
813 4.0983606557
888 4.2087542088
5000 2.3992322457
evaluations raw_y
1 1.3007284079
6 1.7730496454
13 2.2935779817
23 2.5150905433
41 2.6427061311
108 2.7352297593
133 2.8868360277
143 2.9411764706
223 2.9976019185
271 3.0562347188
577 3.3156498674
907 3.4626038781
2172 3.6231884058
2531 3.7993920973
2620 4.0983606557
3377 4.2087542088
5000 1.9260400616
