evaluations raw_y
1 -524.0000000000
2 -429.0000000000
3 -396.0000000000
4 -329.0000000000
17 -322.0000000000
20 -282.0000000000
21 -248.0000000000
86 -228.0000000000
203 -195.0000000000
308 -188.0000000000
320 -121.0000000000
425 -95.0000000000
696 -94.0000000000
711 -48.0000000000
1895 -30.0000000000
2092 -29.0000000000
2243 -23.0000000000
2681 -9.0000000000
3195 -4.0000000000
4015 -3.0000000000
4350 3.0000000000
5000 -88.0000000000
evaluations raw_y
1 -483.0000000000
3 -342.0000000000
5 -322.0000000000
18 -261.0000000000
71 -255.0000000000
108 -235.0000000000
126 -214.0000000000
204 -194.0000000000
274 -174.0000000000
324 -120.0000000000
670 -67.0000000000
1434 -62.0000000000
1540 -55.0000000000
1635 -48.0000000000
1716 -43.0000000000
1899 -41.0000000000
1906 -14.0000000000
2376 -7.0000000000
4178 -1.0000000000
5000 -49.0000000000
evaluations raw_y
1 -497.0000000000
2 -456.0000000000
3 -416.0000000000
4 -382.0000000000
7 -329.0000000000
8 -214.0000000000
9 -188.0000000000
199 -120.0000000000
485 -75.0000000000
791 -74.0000000000
812 -68.0000000000
864 -67.0000000000
983 -61.0000000000
1035 -30.0000000000
1249 -16.0000000000
1541 -14.0000000000
1970 -8.0000000000
2204 -2.0000000000
3081 -1.0000000000
4171 5.0000000000
5000 -87.0000000000
evaluations raw_y
1 -302.0000000000
3 -262.0000000000
32 -201.0000000000
91 -168.0000000000
199 -148.0000000000
268 -141.0000000000
384 -121.0000000000
697 -55.0000000000
1072 -48.0000000000
1192 -41.0000000000
1237 -28.0000000000
1583 -27.0000000000
1749 -21.0000000000
2340 -3.0000000000
3376 5.0000000000
5000 -81.0000000000
evaluations raw_y
1 -416.0000000000
2 -396.0000000000
10 -329.0000000000
15 -188.0000000000
230 -174.0000000000
314 -168.0000000000
413 -167.0000000000
414 -154.0000000000
434 -141.0000000000
470 -134.0000000000
608 -128.0000000000
702 -107.0000000000
796 -95.0000000000
811 -94.0000000000
904 -54.0000000000
1660 -47.0000000000
1818 -42.0000000000
1940 -35.0000000000
2072 -23.0000000000
2276 -21.0000000000
2446 -10.0000000000
2602 2.0000000000
2844 3.0000000000
2939 4.0000000000
3258 5.0000000000
3621 6.0000000000
5000 -36.0000000000
evaluations raw_y
1 -389.0000000000
5 -349.0000000000
9 -302.0000000000
14 -221.0000000000
233 -174.0000000000
379 -168.0000000000
432 -161.0000000000
463 -147.0000000000
482 -134.0000000000
541 -121.0000000000
601 -94.0000000000
811 -88.0000000000
863 -35.0000000000
1195 -29.0000000000
1263 -27.0000000000
1310 -9.0000000000
2030 -8.0000000000
2328 -7.0000000000
3710 -2.0000000000
4482 5.0000000000
5000 -101.0000000000
evaluations raw_y
1 -477.0000000000
2 -470.0000000000
4 -423.0000000000
5 -362.0000000000
9 -275.0000000000
12 -167.0000000000
209 -155.0000000000
222 -127.0000000000
267 -120.0000000000
315 -80.0000000000
591 -49.0000000000
816 -41.0000000000
1394 -40.0000000000
1523 -9.0000000000
2700 -3.0000000000
3015 5.0000000000
5000 -95.0000000000
evaluations raw_y
1 -483.0000000000
2 -430.0000000000
3 -342.0000000000
15 -336.0000000000
19 -329.0000000000
26 -201.0000000000
209 -188.0000000000
254 -187.0000000000
317 -161.0000000000
454 -115.0000000000
626 -75.0000000000
807 -67.0000000000
884 -55.0000000000
929 -35.0000000000
1504 -29.0000000000
1950 -28.0000000000
2075 -8.0000000000
2631 -4.0000000000
2967 -3.0000000000
4753 4.0000000000
5000 -62.0000000000
evaluations raw_y
1 -403.0000000000
2 -355.0000000000
12 -336.0000000000
15 -268.0000000000
33 -255.0000000000
55 -248.0000000000
74 -228.0000000000
224 -181.0000000000
371 -135.0000000000
587 -128.0000000000
668 -108.0000000000
763 -101.0000000000
820 -88.0000000000
1079 -81.0000000000
1198 -55.0000000000
1679 -1.0000000000
4459 4.0000000000
5000 -128.0000000000
evaluations raw_y
1 -363.0000000000
3 -296.0000000000
46 -282.0000000000
57 -241.0000000000
114 -235.0000000000
154 -221.0000000000
289 -215.0000000000
319 -168.0000000000
340 -108.0000000000
749 -67.0000000000
922 -61.0000000000
1134 -16.0000000000
1988 -10.0000000000
2083 -9.0000000000
2316 -8.0000000000
2516 3.0000000000
2664 4.0000000000
4425 5.0000000000
4608 6.0000000000
5000 -88.0000000000
evaluations raw_y
1 -470.0000000000
2 -423.0000000000
3 -363.0000000000
5 -282.0000000000
41 -228.0000000000
104 -208.0000000000
165 -154.0000000000
246 -147.0000000000
409 -134.0000000000
441 -121.0000000000
570 -107.0000000000
578 -88.0000000000
665 -75.0000000000
951 -48.0000000000
1313 -36.0000000000
1442 -28.0000000000
1841 -16.0000000000
2930 -9.0000000000
3799 -8.0000000000
3873 4.0000000000
4836 5.0000000000
5000 -87.0000000000
evaluations raw_y
1 -383.0000000000
2 -362.0000000000
4 -295.0000000000
14 -288.0000000000
27 -248.0000000000
66 -228.0000000000
130 -201.0000000000
288 -188.0000000000
356 -154.0000000000
625 -128.0000000000
925 -121.0000000000
995 -75.0000000000
1298 -74.0000000000
1314 -68.0000000000
1416 -48.0000000000
1988 -42.0000000000
2049 -41.0000000000
2095 -29.0000000000
2126 -22.0000000000
2302 -10.0000000000
2544 -8.0000000000
2637 -2.0000000000
3507 -1.0000000000
4026 4.0000000000
5000 -101.0000000000
evaluations raw_y
1 -309.0000000000
10 -302.0000000000
18 -261.0000000000
60 -207.0000000000
209 -180.0000000000
317 -168.0000000000
357 -134.0000000000
552 -128.0000000000
639 -81.0000000000
817 -61.0000000000
978 -54.0000000000
1214 -48.0000000000
1226 -41.0000000000
1363 -28.0000000000
1546 -23.0000000000
1837 -22.0000000000
1907 -15.0000000000
3005 -10.0000000000
3190 -9.0000000000
3616 2.0000000000
4208 3.0000000000
4952 4.0000000000
5000 -68.0000000000
evaluations raw_y
1 -403.0000000000
3 -323.0000000000
4 -301.0000000000
19 -248.0000000000
121 -221.0000000000
143 -215.0000000000
166 -207.0000000000
235 -200.0000000000
308 -174.0000000000
515 -121.0000000000
701 -120.0000000000
801 -87.0000000000
903 -67.0000000000
1303 -61.0000000000
1449 -42.0000000000
1872 -34.0000000000
2011 -28.0000000000
2148 -21.0000000000
3233 -15.0000000000
3883 -4.0000000000
4139 -3.0000000000
4142 4.0000000000
5000 -55.0000000000
evaluations raw_y
1 -423.0000000000
5 -262.0000000000
42 -221.0000000000
242 -181.0000000000
363 -174.0000000000
391 -161.0000000000
453 -154.0000000000
514 -128.0000000000
617 -114.0000000000
632 -88.0000000000
751 -82.0000000000
809 -69.0000000000
976 -68.0000000000
1052 -61.0000000000
1182 -48.0000000000
1232 -28.0000000000
1654 -22.0000000000
2799 -16.0000000000
3243 -15.0000000000
3325 -9.0000000000
3396 -3.0000000000
4566 3.0000000000
5000 -27.0000000000
evaluations raw_y
1 -315.0000000000
8 -248.0000000000
19 -242.0000000000
157 -228.0000000000
205 -221.0000000000
223 -155.0000000000
350 -148.0000000000
462 -115.0000000000
502 -107.0000000000
566 -100.0000000000
629 -95.0000000000
637 -88.0000000000
836 -55.0000000000
1101 -48.0000000000
1287 -42.0000000000
1328 -41.0000000000
1413 -14.0000000000
2090 -10.0000000000
3182 -8.0000000000
3293 -2.0000000000
3438 -1.0000000000
4540 6.0000000000
5000 -28.0000000000
evaluations raw_y
1 -517.0000000000
2 -423.0000000000
3 -376.0000000000
9 -369.0000000000
12 -315.0000000000
16 -268.0000000000
59 -256.0000000000
107 -234.0000000000
120 -201.0000000000
484 -181.0000000000
531 -161.0000000000
609 -147.0000000000
619 -114.0000000000
791 -101.0000000000
956 -68.0000000000
1192 -55.0000000000
1392 -43.0000000000
1436 -36.0000000000
1609 -29.0000000000
1660 -16.0000000000
1925 -15.0000000000
2058 -14.0000000000
2139 -9.0000000000
3122 -8.0000000000
3667 -2.0000000000
3756 2.0000000000
4415 3.0000000000
4870 4.0000000000
5000 -29.0000000000
evaluations raw_y
1 -376.0000000000
3 -294.0000000000
18 -141.0000000000
242 -114.0000000000
428 -101.0000000000
468 -95.0000000000
591 -88.0000000000
623 -61.0000000000
862 -42.0000000000
945 -10.0000000000
1160 -9.0000000000
1937 -8.0000000000
2300 -3.0000000000
3504 4.0000000000
5000 -75.0000000000
evaluations raw_y
1 -396.0000000000
2 -336.0000000000
3 -282.0000000000
30 -274.0000000000
65 -269.0000000000
106 -168.0000000000
273 -148.0000000000
391 -142.0000000000
455 -141.0000000000
510 -107.0000000000
692 -101.0000000000
743 -94.0000000000
1020 -88.0000000000
1027 -48.0000000000
1310 -41.0000000000
1314 -35.0000000000
1456 -23.0000000000
1550 -22.0000000000
2116 -16.0000000000
2204 -15.0000000000
2384 -11.0000000000
3224 -3.0000000000
3717 3.0000000000
4716 4.0000000000
5000 -30.0000000000
evaluations raw_y
1 -517.0000000000
3 -289.0000000000
28 -269.0000000000
83 -248.0000000000
90 -161.0000000000
159 -127.0000000000
378 -114.0000000000
729 -74.0000000000
1078 -61.0000000000
1376 -47.0000000000
1439 -41.0000000000
1779 -21.0000000000
2225 -15.0000000000
2368 -10.0000000000
2524 2.0000000000
3845 3.0000000000
4318 4.0000000000
5000 -23.0000000000
